Top BM25 score per query, across all generated queries.
queries: 160
floor in force: 0.45 per query term
triggered on: 0 of 160 queries

The floor is per term because a BM25 total scales with query length:
measured, the total correlates +0.87 with the number of terms. A short
query is not a bad one, and an absolute floor would reject it for being
short.

total score   minimum 12.0317  median 21.4088  maximum 36.5603
per-term      minimum 0.5887  median 0.8445  maximum 1.3601

per-term scores, sorted ascending:
  0.5887
  0.6071
  0.6211
  0.6211
  0.6227
  0.6406
  0.6406
  0.6440
  0.6440
  0.6476
  0.6490
  0.6521
  0.6565
  0.6698
  0.6745
  0.6791
  0.7010
  0.7042
  0.7068
  0.7068
  0.7068
  0.7111
  0.7116
  0.7117
  0.7117
  0.7136
  0.7267
  0.7280
  0.7312
  0.7321
  0.7336
  0.7381
  0.7382
  0.7382
  0.7382
  0.7382
  0.7417
  0.7530
  0.7574
  0.7611
  0.7648
  0.7763
  0.7849
  0.7855
  0.7855
  0.7884
  0.7884
  0.7892
  0.7892
  0.7901
  0.7901
  0.7901
  0.7906
  0.7948
  0.7948
  0.7948
  0.7998
  0.7998
  0.7998
  0.8003
  0.8011
  0.8015
  0.8021
  0.8024
  0.8037
  0.8075
  0.8086
  0.8127
  0.8161
  0.8175
  0.8190
  0.8199
  0.8222
  0.8299
  0.8303
  0.8308
  0.8308
  0.8340
  0.8340
  0.8445
  0.8445
  0.8445
  0.8445
  0.8479
  0.8488
  0.8488
  0.8493
  0.8493
  0.8493
  0.8502
  0.8502
  0.8512
  0.8609
  0.8609
  0.8630
  0.8660
  0.8660
  0.8660
  0.8664
  0.8711
  0.8738
  0.8738
  0.8778
  0.8778
  0.8778
  0.8836
  0.8857
  0.8857
  0.8926
  0.8938
  0.8986
  0.9000
  0.9005
  0.9041
  0.9098
  0.9098
  0.9271
  0.9317
  0.9338
  0.9338
  0.9338
  0.9374
  0.9382
  0.9382
  0.9445
  0.9471
  0.9477
  0.9489
  0.9735
  0.9753
  0.9761
  0.9766
  0.9766
  0.9766
  0.9775
  0.9859
  0.9859
  0.9896
  0.9896
  0.9900
  0.9923
  0.9981
  0.9997
  1.0024
  1.0304
  1.0421
  1.0435
  1.0435
  1.0549
  1.0555
  1.0604
  1.0711
  1.0947
  1.1026
  1.1425
  1.2344
  1.2750
  1.3309
  1.3309
  1.3601
